register  0: 0x0000
register  1: 0x0000
register  2: 0x0001
register  3: 0x0000
register  4: 0x0000
register  5: 0x0000
register  6: 0x0000
register  7: 0x0000
register  8: 0x0000
register  9: 0x0000
register 10: 0x0000
register 11: 0x0000
register 12: 0x0000
register 13: 0x0000
register 14: 0x0000
register 15: 0x0000
register PC: 0x000E

0x0000:  A101 A201 9010 F004 0112 EFF8 DEAD 0000
0x0010:  0000 0000 0000 0000 0000 0000 0000 0000
0x0020:  0000 0000 0000 0000 0000 0000 0000 0000
0x0030:  0000 0000 0000 0000 0000 0000 0000 0000
0x0040:  0000 0000 0000 0000 0000 0000 0000 0000
0x0050:  0000 0000 0000 0000 0000 0000 0000 0000
0x0060:  0000 0000 0000 0000 0000 0000 0000 0000
0x0070:  0000 0000 0000 0000 0000 0000 0000 0000
0x0080:  0000 0000 0000 0000 0000 0000 0000 0000
0x0090:  0000 0000 0000 0000 0000 0000 0000 0000
0x00A0:  0000 0000 0000 0000 0000 0000 0000 0000
0x00B0:  0000 0000 0000 0000 0000 0000 0000 0000
0x00C0:  0000 0000 0000 0000 0000 0000 0000 0000
0x00D0:  0000 0000 0000 0000 0000 0000 0000 0000
0x00E0:  0000 0000 0000 0000 0000 0000 0000 0000
0x00F0:  0000 0000 0000 0000 0000 0000 0000 0000
0x0100:  0000 0000 0000 0000 0000 0000 0000 0000
0x0110:  0000 0000 0000 0000 0000 0000 0000 0000
0x0120:  0000 0000 0000 0000 0000 0000 0000 0000
0x0130:  0000 0000 0000 0000 0000 0000 0000 0000
0x0140:  0000 0000 0000 0000 0000 0000 0000 0000
0x0150:  0000 0000 0000 0000 0000 0000 0000 0000
0x0160:  0000 0000 0000 0000 0000 0000 0000 0000
0x0170:  0000 0000 0000 0000 0000 0000 0000 0000
0x0180:  0000 0000 0000 0000 0000 0000 0000 0000
0x0190:  0000 0000 0000 0000 0000 0000 0000 0000
0x01A0:  0000 0000 0000 0000 0000 0000 0000 0000
0x01B0:  0000 0000 0000 0000 0000 0000 0000 0000
0x01C0:  0000 0000 0000 0000 0000 0000 0000 0000
0x01D0:  0000 0000 0000 0000 0000 0000 0000 0000
0x01E0:  0000 0000 0000 0000 0000 0000 0000 0000
0x01F0:  0000 0000 0000 0000 0000 0000 0000 0000
0x0200:  0000 0000 0000 0000 0000 0000 0000 0000
0x0210:  0000 0000 0000 0000 0000 0000 0000 0000
0x0220:  0000 0000 0000 0000 0000 0000 0000 0000
0x0230:  0000 0000 0000 0000 0000 0000 0000 0000
0x0240:  0000 0000 0000 0000 0000 0000 0000 0000
0x0250:  0000 0000 0000 0000 0000 0000 0000 0000
0x0260:  0000 0000 0000 0000 0000 0000 0000 0000
0x0270:  0000 0000 0000 0000 0000 0000 0000 0000
0x0280:  0000 0000 0000 0000 0000 0000 0000 0000
0x0290:  0000 0000 0000 0000 0000 0000 0000 0000
0x02A0:  0000 0000 0000 0000 0000 0000 0000 0000
0x02B0:  0000 0000 0000 0000 0000 0000 0000 0000
0x02C0:  0000 0000 0000 0000 0000 0000 0000 0000
0x02D0:  0000 0000 0000 0000 0000 0000 0000 0000
0x02E0:  0000 0000 0000 0000 0000 0000 0000 0000
0x02F0:  0000 0000 0000 0000 0000 0000 0000 0000
0x0300:  0000 0000 0000 0000 0000 0000 0000 0000
0x0310:  0000 0000 0000 0000 0000 0000 0000 0000
0x0320:  0000 0000 0000 0000 0000 0000 0000 0000
0x0330:  0000 0000 0000 0000 0000 0000 0000 0000
0x0340:  0000 0000 0000 0000 0000 0000 0000 0000
0x0350:  0000 0000 0000 0000 0000 0000 0000 0000
0x0360:  0000 0000 0000 0000 0000 0000 0000 0000
0x0370:  0000 0000 0000 0000 0000 0000 0000 0000
0x0380:  0000 0000 0000 0000 0000 0000 0000 0000
0x0390:  0000 0000 0000 0000 0000 0000 0000 0000
0x03A0:  0000 0000 0000 0000 0000 0000 0000 0000
0x03B0:  0000 0000 0000 0000 0000 0000 0000 0000
0x03C0:  0000 0000 0000 0000 0000 0000 0000 0000
0x03D0:  0000 0000 0000 0000 0000 0000 0000 0000
0x03E0:  0000 0000 0000 0000 0000 0000 0000 0000
0x03F0:  0000 0000 0000 0000 0000 0000 0000 0000
0x0400:  0000 0000 0000 0000 0000 0000 0000 0000
0x0410:  0000 0000 0000 0000 0000 0000 0000 0000
0x0420:  0000 0000 0000 0000 0000 0000 0000 0000
0x0430:  0000 0000 0000 0000 0000 0000 0000 0000
0x0440:  0000 0000 0000 0000 0000 0000 0000 0000
0x0450:  0000 0000 0000 0000 0000 0000 0000 0000
0x0460:  0000 0000 0000 0000 0000 0000 0000 0000
0x0470:  0000 0000 0000 0000 0000 0000 0000 0000
0x0480:  0000 0000 0000 0000 0000 0000 0000 0000
0x0490:  0000 0000 0000 0000 0000 0000 0000 0000
0x04A0:  0000 0000 0000 0000 0000 0000 0000 0000
0x04B0:  0000 0000 0000 0000 0000 0000 0000 0000
0x04C0:  0000 0000 0000 0000 0000 0000 0000 0000
0x04D0:  0000 0000 0000 0000 0000 0000 0000 0000
0x04E0:  0000 0000 0000 0000 0000 0000 0000 0000
0x04F0:  0000 0000 0000 0000 0000 0000 0000 0000
0x0500:  0000 0000 0000 0000 0000 0000 0000 0000
0x0510:  0000 0000 0000 0000 0000 0000 0000 0000
0x0520:  0000 0000 0000 0000 0000 0000 0000 0000
0x0530:  0000 0000 0000 0000 0000 0000 0000 0000
0x0540:  0000 0000 0000 0000 0000 0000 0000 0000
0x0550:  0000 0000 0000 0000 0000 0000 0000 0000
0x0560:  0000 0000 0000 0000 0000 0000 0000 0000
0x0570:  0000 0000 0000 0000 0000 0000 0000 0000
0x0580:  0000 0000 0000 0000 0000 0000 0000 0000
0x0590:  0000 0000 0000 0000 0000 0000 0000 0000
0x05A0:  0000 0000 0000 0000 0000 0000 0000 0000
0x05B0:  0000 0000 0000 0000 0000 0000 0000 0000
0x05C0:  0000 0000 0000 0000 0000 0000 0000 0000
0x05D0:  0000 0000 0000 0000 0000 0000 0000 0000
0x05E0:  0000 0000 0000 0000 0000 0000 0000 0000
0x05F0:  0000 0000 0000 0000 0000 0000 0000 0000
0x0600:  0000 0000 0000 0000 0000 0000 0000 0000
0x0610:  0000 0000 0000 0000 0000 0000 0000 0000
0x0620:  0000 0000 0000 0000 0000 0000 0000 0000
0x0630:  0000 0000 0000 0000 0000 0000 0000 0000
0x0640:  0000 0000 0000 0000 0000 0000 0000 0000
0x0650:  0000 0000 0000 0000 0000 0000 0000 0000
0x0660:  0000 0000 0000 0000 0000 0000 0000 0000
0x0670:  0000 0000 0000 0000 0000 0000 0000 0000
0x0680:  0000 0000 0000 0000 0000 0000 0000 0000
0x0690:  0000 0000 0000 0000 0000 0000 0000 0000
0x06A0:  0000 0000 0000 0000 0000 0000 0000 0000
0x06B0:  0000 0000 0000 0000 0000 0000 0000 0000
0x06C0:  0000 0000 0000 0000 0000 0000 0000 0000
0x06D0:  0000 0000 0000 0000 0000 0000 0000 0000
0x06E0:  0000 0000 0000 0000 0000 0000 0000 0000
0x06F0:  0000 0000 0000 0000 0000 0000 0000 0000
0x0700:  0000 0000 0000 0000 0000 0000 0000 0000
0x0710:  0000 0000 0000 0000 0000 0000 0000 0000
0x0720:  0000 0000 0000 0000 0000 0000 0000 0000
0x0730:  0000 0000 0000 0000 0000 0000 0000 0000
0x0740:  0000 0000 0000 0000 0000 0000 0000 0000
0x0750:  0000 0000 0000 0000 0000 0000 0000 0000
0x0760:  0000 0000 0000 0000 0000 0000 0000 0000
0x0770:  0000 0000 0000 0000 0000 0000 0000 0000
0x0780:  0000 0000 0000 0000 0000 0000 0000 0000
0x0790:  0000 0000 0000 0000 0000 0000 0000 0000
0x07A0:  0000 0000 0000 0000 0000 0000 0000 0000
0x07B0:  0000 0000 0000 0000 0000 0000 0000 0000
0x07C0:  0000 0000 0000 0000 0000 0000 0000 0000
0x07D0:  0000 0000 0000 0000 0000 0000 0000 0000
0x07E0:  0000 0000 0000 0000 0000 0000 0000 0000
0x07F0:  0000 0000 0000 0000 0000 0000 0000 0000
0x0800:  0000 0000 0000 0000 0000 0000 0000 0000
0x0810:  0000 0000 0000 0000 0000 0000 0000 0000
0x0820:  0000 0000 0000 0000 0000 0000 0000 0000
0x0830:  0000 0000 0000 0000 0000 0000 0000 0000
0x0840:  0000 0000 0000 0000 0000 0000 0000 0000
0x0850:  0000 0000 0000 0000 0000 0000 0000 0000
0x0860:  0000 0000 0000 0000 0000 0000 0000 0000
0x0870:  0000 0000 0000 0000 0000 0000 0000 0000
0x0880:  0000 0000 0000 0000 0000 0000 0000 0000
0x0890:  0000 0000 0000 0000 0000 0000 0000 0000
0x08A0:  0000 0000 0000 0000 0000 0000 0000 0000
0x08B0:  0000 0000 0000 0000 0000 0000 0000 0000
0x08C0:  0000 0000 0000 0000 0000 0000 0000 0000
0x08D0:  0000 0000 0000 0000 0000 0000 0000 0000
0x08E0:  0000 0000 0000 0000 0000 0000 0000 0000
0x08F0:  0000 0000 0000 0000 0000 0000 0000 0000
0x0900:  0000 0000 0000 0000 0000 0000 0000 0000
0x0910:  0000 0000 0000 0000 0000 0000 0000 0000
0x0920:  0000 0000 0000 0000 0000 0000 0000 0000
0x0930:  0000 0000 0000 0000 0000 0000 0000 0000
0x0940:  0000 0000 0000 0000 0000 0000 0000 0000
0x0950:  0000 0000 0000 0000 0000 0000 0000 0000
0x0960:  0000 0000 0000 0000 0000 0000 0000 0000
0x0970:  0000 0000 0000 0000 0000 0000 0000 0000
0x0980:  0000 0000 0000 0000 0000 0000 0000 0000
0x0990:  0000 0000 0000 0000 0000 0000 0000 0000
0x09A0:  0000 0000 0000 0000 0000 0000 0000 0000
0x09B0:  0000 0000 0000 0000 0000 0000 0000 0000
0x09C0:  0000 0000 0000 0000 0000 0000 0000 0000
0x09D0:  0000 0000 0000 0000 0000 0000 0000 0000
0x09E0:  0000 0000 0000 0000 0000 0000 0000 0000
0x09F0:  0000 0000 0000 0000 0000 0000 0000 0000
0x0A00:  0000 0000 0000 0000 0000 0000 0000 0000
0x0A10:  0000 0000 0000 0000 0000 0000 0000 0000
0x0A20:  0000 0000 0000 0000 0000 0000 0000 0000
0x0A30:  0000 0000 0000 0000 0000 0000 0000 0000
0x0A40:  0000 0000 0000 0000 0000 0000 0000 0000
0x0A50:  0000 0000 0000 0000 0000 0000 0000 0000
0x0A60:  0000 0000 0000 0000 0000 0000 0000 0000
0x0A70:  0000 0000 0000 0000 0000 0000 0000 0000
0x0A80:  0000 0000 0000 0000 0000 0000 0000 0000
0x0A90:  0000 0000 0000 0000 0000 0000 0000 0000
0x0AA0:  0000 0000 0000 0000 0000 0000 0000 0000
0x0AB0:  0000 0000 0000 0000 0000 0000 0000 0000
0x0AC0:  0000 0000 0000 0000 0000 0000 0000 0000
0x0AD0:  0000 0000 0000 0000 0000 0000 0000 0000
0x0AE0:  0000 0000 0000 0000 0000 0000 0000 0000
0x0AF0:  0000 0000 0000 0000 0000 0000 0000 0000
0x0B00:  0000 0000 0000 0000 0000 0000 0000 0000
0x0B10:  0000 0000 0000 0000 0000 0000 0000 0000
0x0B20:  0000 0000 0000 0000 0000 0000 0000 0000
0x0B30:  0000 0000 0000 0000 0000 0000 0000 0000
0x0B40:  0000 0000 0000 0000 0000 0000 0000 0000
0x0B50:  0000 0000 0000 0000 0000 0000 0000 0000
0x0B60:  0000 0000 0000 0000 0000 0000 0000 0000
0x0B70:  0000 0000 0000 0000 0000 0000 0000 0000
0x0B80:  0000 0000 0000 0000 0000 0000 0000 0000
0x0B90:  0000 0000 0000 0000 0000 0000 0000 0000
0x0BA0:  0000 0000 0000 0000 0000 0000 0000 0000
0x0BB0:  0000 0000 0000 0000 0000 0000 0000 0000
0x0BC0:  0000 0000 0000 0000 0000 0000 0000 0000
0x0BD0:  0000 0000 0000 0000 0000 0000 0000 0000
0x0BE0:  0000 0000 0000 0000 0000 0000 0000 0000
0x0BF0:  0000 0000 0000 0000 0000 0000 0000 0000
0x0C00:  0000 0000 0000 0000 0000 0000 0000 0000
0x0C10:  0000 0000 0000 0000 0000 0000 0000 0000
0x0C20:  0000 0000 0000 0000 0000 0000 0000 0000
0x0C30:  0000 0000 0000 0000 0000 0000 0000 0000
0x0C40:  0000 0000 0000 0000 0000 0000 0000 0000
0x0C50:  0000 0000 0000 0000 0000 0000 0000 0000
0x0C60:  0000 0000 0000 0000 0000 0000 0000 0000
0x0C70:  0000 0000 0000 0000 0000 0000 0000 0000
0x0C80:  0000 0000 0000 0000 0000 0000 0000 0000
0x0C90:  0000 0000 0000 0000 0000 0000 0000 0000
0x0CA0:  0000 0000 0000 0000 0000 0000 0000 0000
0x0CB0:  0000 0000 0000 0000 0000 0000 0000 0000
0x0CC0:  0000 0000 0000 0000 0000 0000 0000 0000
0x0CD0:  0000 0000 0000 0000 0000 0000 0000 0000
0x0CE0:  0000 0000 0000 0000 0000 0000 0000 0000
0x0CF0:  0000 0000 0000 0000 0000 0000 0000 0000
0x0D00:  0000 0000 0000 0000 0000 0000 0000 0000
0x0D10:  0000 0000 0000 0000 0000 0000 0000 0000
0x0D20:  0000 0000 0000 0000 0000 0000 0000 0000
0x0D30:  0000 0000 0000 0000 0000 0000 0000 0000
0x0D40:  0000 0000 0000 0000 0000 0000 0000 0000
0x0D50:  0000 0000 0000 0000 0000 0000 0000 0000
0x0D60:  0000 0000 0000 0000 0000 0000 0000 0000
0x0D70:  0000 0000 0000 0000 0000 0000 0000 0000
0x0D80:  0000 0000 0000 0000 0000 0000 0000 0000
0x0D90:  0000 0000 0000 0000 0000 0000 0000 0000
0x0DA0:  0000 0000 0000 0000 0000 0000 0000 0000
0x0DB0:  0000 0000 0000 0000 0000 0000 0000 0000
0x0DC0:  0000 0000 0000 0000 0000 0000 0000 0000
0x0DD0:  0000 0000 0000 0000 0000 0000 0000 0000
0x0DE0:  0000 0000 0000 0000 0000 0000 0000 0000
0x0DF0:  0000 0000 0000 0000 0000 0000 0000 0000
0x0E00:  0000 0000 0000 0000 0000 0000 0000 0000
0x0E10:  0000 0000 0000 0000 0000 0000 0000 0000
0x0E20:  0000 0000 0000 0000 0000 0000 0000 0000
0x0E30:  0000 0000 0000 0000 0000 0000 0000 0000
0x0E40:  0000 0000 0000 0000 0000 0000 0000 0000
0x0E50:  0000 0000 0000 0000 0000 0000 0000 0000
0x0E60:  0000 0000 0000 0000 0000 0000 0000 0000
0x0E70:  0000 0000 0000 0000 0000 0000 0000 0000
0x0E80:  0000 0000 0000 0000 0000 0000 0000 0000
0x0E90:  0000 0000 0000 0000 0000 0000 0000 0000
0x0EA0:  0000 0000 0000 0000 0000 0000 0000 0000
0x0EB0:  0000 0000 0000 0000 0000 0000 0000 0000
0x0EC0:  0000 0000 0000 0000 0000 0000 0000 0000
0x0ED0:  0000 0000 0000 0000 0000 0000 0000 0000
0x0EE0:  0000 0000 0000 0000 0000 0000 0000 0000
0x0EF0:  0000 0000 0000 0000 0000 0000 0000 0000
0x0F00:  0000 0000 0000 0000 0000 0000 0000 0000
0x0F10:  0000 0000 0000 0000 0000 0000 0000 0000
0x0F20:  0000 0000 0000 0000 0000 0000 0000 0000
0x0F30:  0000 0000 0000 0000 0000 0000 0000 0000
0x0F40:  0000 0000 0000 0000 0000 0000 0000 0000
0x0F50:  0000 0000 0000 0000 0000 0000 0000 0000
0x0F60:  0000 0000 0000 0000 0000 0000 0000 0000
0x0F70:  0000 0000 0000 0000 0000 0000 0000 0000
0x0F80:  0000 0000 0000 0000 0000 0000 0000 0000
0x0F90:  0000 0000 0000 0000 0000 0000 0000 0000
0x0FA0:  0000 0000 0000 0000 0000 0000 0000 0000
0x0FB0:  0000 0000 0000 0000 0000 0000 0000 0000
0x0FC0:  0000 0000 0000 0000 0000 0000 0000 0000
0x0FD0:  0000 0000 0000 0000 0000 0000 0000 0000
0x0FE0:  0000 0000 0000 0000 0000 0000 0000 0000
0x0FF0:  0000 0000 0000 0000 0000 0000 0000 0000
